crossing time (s)	slope (V/s)	crossing number
7092.215461	-41.577506	7014
7093.243800	-41.674658	7015
7094.289919	-40.472724	7016
7095.300108	-41.283630	7017
7096.332506	-41.346554	7018
7097.362625	-42.487620	7019
7098.392592	-39.325545	7020
7099.436272	-40.547559	7021
7100.483220	-39.752764	7022
7101.496999	-41.367259	7023
7102.537082	-40.202752	7024
7103.559727	-40.633419	7025
7104.598833	-40.432364	7026
7105.615599	-40.903005	7027
7106.655468	-41.177410	7028
7107.666625	-40.136740	7029
7108.717476	-41.029261	7030
7109.737803	-40.521727	7031
7110.795846	-39.848914	7032
7111.811718	-39.790308	7033
7112.839515	-39.495173	7034
7113.885694	-40.847119	7035
7114.893747	-39.594185	7036
7115.932431	-40.502420	7037
7116.964490	-39.962034	7038
7117.984438	-40.623495	7039
7119.044596	-39.327464	7040
7120.059974	-40.018864	7041
7121.101311	-39.775163	7042
7122.102903	-40.393307	7043
7123.168551	-39.249140	7044
7124.166831	-39.224637	7045
7125.227713	-39.156479	7046
7126.248267	-39.909866	7047
7127.303683	-39.889600	7048
7128.312425	-39.324507	7049
7129.346797	-39.440381	7050
7130.376115	-40.114418	7051
7131.412167	-39.813852	7052
7132.428631	-39.415621	7053
7133.479320	-39.182516	7054
7134.494320	-39.359119	7055
7135.542979	-39.256890	7056
7136.560515	-39.561569	7057
7137.604154	-38.971686	7058
7138.633215	-39.193811	7059
7139.651898	-38.263480	7060
7140.684591	-38.915803	7061
7141.734967	-38.685807	7062
7142.765411	-39.091791	7063
7143.790246	-38.774579	7064
7144.821049	-39.038161	7065
7145.844348	-37.975248	7066
7146.880049	-38.352842	7067
7147.907767	-37.852652	7068
7148.931972	-38.603319	7069
7149.973735	-38.510758	7070
7151.026431	-38.573124	7071
7152.028098	-37.737560	7072
7153.064744	-37.978991	7073
7154.103779	-38.249330	7074
7155.120101	-38.272668	7075
7156.166943	-37.979977	7076
7157.202598	-38.431403	7077
7158.236925	-37.708135	7078
7159.239164	-37.866546	7079
7160.288899	-37.494593	7080
7161.319540	-37.914981	7081
7162.364397	-37.204469	7082
7163.369489	-37.813828	7083
7164.425189	-37.111293	7084
7165.429050	-37.893623	7085
7166.501532	-37.076778	7086
7167.506497	-38.135785	7087
7168.559866	-37.551929	7088
7169.570325	-37.482057	7089
7170.621979	-37.019118	7090
7171.632981	-37.490957	7091
7172.671818	-37.652418	7092
7173.703796	-37.881100	7093
7174.749074	-37.412125	7094
7175.758285	-37.351665	7095
7176.808834	-37.304248	7096
7177.824310	-37.253657	7097
7178.852741	-37.266933	7098
7179.874803	-36.927186	7099
7180.930243	-37.096165	7100
7181.956887	-36.986212	7101
7182.980387	-36.546166	7102
7184.016107	-36.815803	7103
7185.044351	-36.975747	7104
7186.081572	-36.949192	7105
7187.114155	-37.500153	7106
7188.141343	-36.799162	7107
7189.162965	-36.776708	7108
7190.207757	-37.061689	7109
7191.237740	-36.292805	7110
7192.266229	-36.829595	7111
7193.292892	-36.274451	7112
7194.330383	-36.796639	7113
7195.370166	-35.919278	7114
7196.400038	-36.453048	7115
7197.423776	-35.873208	7116
7198.447497	-36.373795	7117
7199.489902	-36.122764	7118
7200.507391	-36.542489	7119
7201.550348	-36.073930	7120
7202.557235	-36.079983	7121
7203.635583	-35.837020	7122
7204.628116	-36.249681	7123
7205.676138	-36.010679	7124
7206.705371	-35.958953	7125
7207.747756	-35.848340	7126
7208.754180	-35.857403	7127
7209.801515	-35.820795	7128
7210.844170	-35.889420	7129
7211.865392	-35.320086	7130
7212.892655	-35.596250	7131
7213.937308	-35.225594	7132
7214.945570	-35.950332	7133
7215.999521	-35.278155	7134
7217.033043	-35.815763	7135
7218.055091	-35.215446	7136
7219.084970	-35.505095	7137
7220.113390	-35.494275	7138
7221.144145	-35.501093	7139
7222.182283	-35.335585	7140
7223.207082	-35.881425	7141
7224.249621	-35.361321	7142
7225.270222	-34.937995	7143
7226.302619	-35.488451	7144
7227.338784	-35.611560	7145
7228.363715	-35.045329	7146
7229.402300	-35.949164	7147
7230.411071	-34.890936	7148
7231.449416	-34.621815	7149
7232.490480	-35.007789	7150
7233.518803	-35.074413	7151
7234.555450	-34.969606	7152
7235.589036	-34.538821	7153
7236.610406	-34.674046	7154
7237.647213	-34.381210	7155
7238.687113	-35.208688	7156
7239.705824	-34.633714	7157
7240.756191	-34.749314	7158
7241.781314	-34.911968	7159
7242.807639	-34.542916	7160
7243.832755	-35.027095	7161
7244.875654	-34.718470	7162
7245.891442	-34.764930	7163
7246.934499	-34.556392	7164
7247.956763	-34.786473	7165
7248.996454	-34.394274	7166
7250.017480	-34.346219	7167
7251.047185	-34.147507	7168
7252.080689	-34.577727	7169
7253.139071	-34.211531	7170
7254.137274	-34.323859	7171
7255.199306	-34.537189	7172
7256.208729	-34.431251	7173
7257.246688	-34.230126	7174
7258.263036	-34.264423	7175
7259.308884	-34.221581	7176
7260.335789	-33.803720	7177
7261.352947	-34.429967	7178
7262.408201	-33.885475	7179
7263.435024	-33.830270	7180
7264.454789	-33.719396	7181
7265.479422	-33.606662	7182
7266.518270	-33.661396	7183
7267.545851	-33.288689	7184
7268.591528	-34.198946	7185
7269.632982	-33.514983	7186
7270.643711	-34.023112	7187
7271.696771	-32.721917	7188
7272.719764	-33.993617	7189
7273.738469	-33.939918	7190
7274.775306	-33.577963	7191
7275.806183	-33.164933	7192
7276.844126	-33.550145	7193
7277.875017	-33.182321	7194
7278.896497	-33.388901	7195
7279.939005	-33.093799	7196
7280.973659	-33.417117	7197
7281.992158	-32.727230	7198
7283.046944	-33.131836	7199
7284.063198	-32.779014	7200
7285.100006	-33.371798	7201
7286.134206	-32.166520	7202
7287.158274	-33.305946	7203
7288.186331	-32.720390	7204
7289.216455	-33.370619	7205
7290.270486	-32.290060	7206
7291.273168	-33.339543	7207
7292.313988	-32.768264	7208
7293.347664	-32.973529	7209
7294.382086	-32.547151	7210
7295.412691	-32.854811	7211
7296.439256	-32.652612	7212
7297.471042	-32.744172	7213
7298.496889	-32.425092	7214
7299.532642	-33.015546	7215
7300.570591	-32.337643	7216
7301.601501	-32.806285	7217
7302.623887	-32.462805	7218
7303.663038	-32.886934	7219
7304.678917	-32.480865	7220
7305.726717	-32.761423	7221
7306.737408	-31.924087	7222
7307.772743	-32.462277	7223
7308.818035	-32.186062	7224
7309.842488	-32.476132	7225
7310.873697	-31.801208	7226
7311.917362	-32.537755	7227
7312.943426	-32.059863	7228
7313.970543	-32.046308	7229
7315.004391	-32.213247	7230
7316.039136	-31.962755	7231
7317.063356	-31.978393	7232
7318.091074	-32.219618	7233
7319.126234	-31.855663	7234
7320.180923	-31.915553	7235
7321.197304	-31.967720	7236
7322.215861	-32.112759	7237
7323.265133	-31.779898	7238
7324.281411	-31.908942	7239
7325.325343	-31.959098	7240
7326.348797	-32.417673	7241
7327.383331	-32.342974	7242
7328.403606	-31.489657	7243
7329.451372	-31.787766	7244
7330.473713	-31.507464	7245
7331.508045	-31.601832	7246
7332.533250	-31.668332	7247
7333.570182	-31.303715	7248
7334.590036	-31.602272	7249
7335.641256	-30.887988	7250
7336.660101	-31.347654	7251
7337.698073	-31.638227	7252
7338.719262	-31.132998	7253
7339.752618	-31.266996	7254
7340.784609	-31.047937	7255
7341.826278	-31.457482	7256
7342.853770	-31.227899	7257
7343.881615	-31.071649	7258
7344.909502	-31.249044	7259
7345.946171	-31.122144	7260
7346.991342	-30.697946	7261
7348.002435	-31.154116	7262
7349.039148	-31.057533	7263
7350.073069	-30.685306	7264
7351.108722	-30.885629	7265
7352.135436	-30.955485	7266
7353.167274	-30.898207	7267
7354.194193	-30.642903	7268
7355.236195	-30.758960	7269
7356.257662	-30.340223	7270
7357.293912	-30.638949	7271
7358.325744	-30.441253	7272
7359.349774	-30.610911	7273
7360.384378	-30.638643	7274
7361.416107	-30.739467	7275
7362.458017	-31.196093	7276
7363.482317	-30.736542	7277
7364.516069	-30.023703	7278
7365.541341	-30.519193	7279
7366.581269	-29.891096	7280
7367.600070	-30.240381	7281
7368.653247	-30.033358	7282
7369.669732	-30.215420	7283
7370.699545	-29.918332	7284
7371.730616	-30.604784	7285
7372.764564	-29.367146	7286
7373.795135	-30.006016	7287
7374.824835	-30.155098	7288
7375.856738	-30.448765	7289
7376.879345	-29.493867	7290
7377.923762	-29.914782	7291
7378.952235	-30.312764	7292
7379.978049	-30.290768	7293
7381.016307	-29.665005	7294
7382.044744	-30.002948	7295
7383.071060	-29.853235	7296
7384.109327	-29.671919	7297
7385.141242	-29.110658	7298
7386.164460	-30.193298	7299
7387.198656	-29.400252	7300
7388.249252	-29.854876	7301
7389.260574	-29.706176	7302
7390.300710	-29.433748	7303
7391.321913	-29.544257	7304
7392.365019	-29.603876	7305
7393.390744	-29.389943	7306
7394.420367	-29.685404	7307
7395.448578	-29.764086	7308
7396.482096	-29.415712	7309
7397.509393	-29.319196	7310
7398.541502	-29.612566	7311
7399.579863	-29.248579	7312
7400.602801	-29.272136	7313
7401.639193	-29.383277	7314
7402.671276	-29.457335	7315
7403.703354	-28.990752	7316
7404.734287	-29.374052	7317
7405.762543	-29.036264	7318
7406.786336	-28.705533	7319
7407.829867	-29.101625	7320
7408.858465	-29.346273	7321
7409.889751	-28.928961	7322
7410.917546	-29.091441	7323
7411.952237	-28.559685	7324
7412.980188	-28.651343	7325
7414.027749	-28.685956	7326
7415.034489	-29.467942	7327
7416.089353	-28.805223	7328
7417.102712	-28.494432	7329
7418.154574	-28.895650	7330
7419.163029	-28.383657	7331
7420.201970	-28.765389	7332
7421.234396	-28.603138	7333
7422.269266	-28.574187	7334
7423.287196	-28.253293	7335
7424.333144	-28.675978	7336
7425.353442	-28.854957	7337
7426.401092	-28.308224	7338
7427.423728	-28.339459	7339
7428.462037	-28.381653	7340
7429.478772	-28.535683	7341
7430.515460	-28.153411	7342
7431.539807	-27.835504	7343
7432.574149	-28.392991	7344
7433.613050	-28.056397	7345
7434.644377	-28.169276	7346
7435.673437	-28.382145	7347
7436.700581	-28.199518	7348
7437.726479	-28.098427	7349
7438.760222	-28.056512	7350
7439.801100	-28.016084	7351
7440.832969	-28.206664	7352
7441.862991	-28.616735	7353
7442.882335	-27.469661	7354
7443.935883	-27.814262	7355
7444.951054	-27.272361	7356
7445.992960	-27.755487	7357
7447.019265	-27.910589	7358
7448.052582	-28.076428	7359
7449.081089	-27.830521	7360
7450.106181	-28.209130	7361
7451.147498	-27.963020	7362
7452.170503	-27.630739	7363
7453.208556	-27.590652	7364
7454.235870	-27.513173	7365
7455.264216	-27.322818	7366
7456.288623	-27.631332	7367
7457.330916	-27.314028	7368
7458.361107	-27.434976	7369
7459.397731	-27.438661	7370
7460.420453	-27.779706	7371
7461.451131	-27.289866	7372
7462.482644	-27.330661	7373
7463.520088	-26.753538	7374
7464.544571	-27.407840	7375
7465.576635	-27.323076	7376
7466.619821	-27.310369	7377
7467.643412	-27.129276	7378
7468.673452	-27.297853	7379
7469.700018	-26.815194	7380
7470.744937	-26.929573	7381
7471.758716	-27.059112	7382
7472.804698	-27.131674	7383
7473.829564	-27.011549	7384
7474.868702	-27.039892	7385
7475.894686	-27.028398	7386
7476.909856	-26.950670	7387
7477.957012	-26.832752	7388
7478.990884	-26.973549	7389
7480.022171	-26.857352	7390
7481.053529	-27.006373	7391
7482.081215	-26.948394	7392
7483.122400	-26.768947	7393
7484.141169	-27.075059	7394
7485.173300	-26.820752	7395
7486.207142	-26.977832	7396
7487.241324	-26.871892	7397
7488.272311	-26.687640	7398
7489.304473	-26.533371	7399
7490.334469	-26.363996	7400
7491.364145	-26.615059	7401
7492.399440	-26.797095	7402
7493.421148	-26.420672	7403
7494.460532	-26.862414	7404
7495.483252	-26.442347	7405
7496.517806	-26.177255	7406
7497.553542	-26.266776	7407
7498.585601	-26.513015	7408
7499.610816	-26.764215	7409
7500.657042	-26.244336	7410
7501.677049	-26.185811	7411
7502.716383	-26.274592	7412
7503.732792	-26.236371	7413
7504.764003	-26.069462	7414
7505.814288	-25.900979	7415
7506.838736	-26.281623	7416
7507.870438	-26.313818	7417
7508.897530	-26.139246	7418
7509.916423	-26.151693	7419
7510.978584	-26.034267	7420
7512.003322	-25.965519	7421
7513.022554	-25.813264	7422
7514.066541	-25.744425	7423
7515.094635	-26.096161	7424
7516.114675	-25.668674	7425
7517.137983	-26.651608	7426
7518.194765	-25.709490	7427
7519.207764	-25.670676	7428
7520.246416	-25.654695	7429
7521.275376	-25.758795	7430
7522.310426	-25.559163	7431
7523.332689	-25.688759	7432
7524.367854	-25.622276	7433
7525.403150	-25.723240	7434
7526.429764	-25.573174	7435
7527.456765	-25.434121	7436
7528.500072	-25.574506	7437
7529.513885	-25.187110	7438
7530.553558	-25.548170	7439
7531.577324	-25.548586	7440
7532.613344	-25.807124	7441
7533.646263	-25.040306	7442
7534.681824	-25.850082	7443
7535.706470	-25.302702	7444
7536.736274	-25.241448	7445
7537.781727	-24.984358	7446
7538.799851	-25.158520	7447
7539.835932	-24.976504	7448
7540.866273	-25.403446	7449
7541.897628	-24.950037	7450
7542.930847	-25.064933	7451
7543.950285	-25.173669	7452
7544.993567	-25.322765	7453
7546.024643	-24.847542	7454
7547.061203	-25.092002	7455
7548.082102	-25.315372	7456
7549.113820	-25.386536	7457
7550.142050	-24.865865	7458
7551.180045	-24.670446	7459
7552.194744	-25.395764	7460
7553.239395	-24.704539	7461
7554.263400	-24.810070	7462
7555.301439	-25.032808	7463
7556.327633	-24.566555	7464
7557.367844	-24.920155	7465
7558.393826	-24.889203	7466
7559.431593	-25.115524	7467
7560.451278	-24.540795	7468
7561.500402	-24.465295	7469
7562.523369	-24.330038	7470
7563.554298	-24.723926	7471
7564.589379	-24.281211	7472
7565.621185	-24.629426	7473
7566.644586	-24.463173	7474
7567.684932	-24.576743	7475
7568.712099	-24.484036	7476
7569.746835	-24.754766	7477
7570.764096	-24.261140	7478
7571.808354	-24.271983	7479
7572.840024	-24.780550	7480
7573.867793	-24.260692	7481
7574.907787	-24.452463	7482
7575.939495	-24.187555	7483
7576.953448	-24.249322	7484
7577.994677	-24.491338	7485
7579.031629	-24.422431	7486
7580.063141	-23.858025	7487
7581.084397	-24.295254	7488
7582.125790	-24.387253	7489
7583.144636	-24.030514	7490
7584.184435	-24.177880	7491
7585.213262	-24.084301	7492
7586.240232	-24.279159	7493
7587.277756	-23.847266	7494
7588.300214	-24.235396	7495
7589.342126	-23.678610	7496
7590.364921	-24.029771	7497
7591.396737	-24.569726	7498
7592.422356	-24.137083	7499
7593.471457	-23.809462	7500
7594.493259	-23.649123	7501
7595.530857	-23.861488	7502
7596.555266	-23.560350	7503
7597.592359	-23.716652	7504
7598.619702	-23.771993	7505
7599.649580	-23.729810	7506
7600.676437	-23.882383	7507
7601.710455	-23.690659	7508
7602.742616	-23.391228	7509
7603.778110	-23.476455	7510
7604.807274	-23.525882	7511
7605.830426	-23.483132	7512
7606.871050	-23.627810	7513
7607.893104	-23.839080	7514
7608.925237	-24.188343	7515
7609.960956	-23.474802	7516
7610.997557	-23.651143	7517
7612.016230	-23.632654	7518
7613.054769	-23.323549	7519
7614.077060	-23.484825	7520
7615.125750	-23.450245	7521
7616.142681	-23.539633	7522
7617.182664	-23.469688	7523
7618.212034	-23.250805	7524
7619.247033	-23.491701	7525
7620.276168	-23.115624	7526
7621.317985	-23.198587	7527
7622.327568	-23.070358	7528
7623.372268	-22.879371	7529
7624.403214	-23.050345	7530
7625.427828	-23.287656	7531
7626.448368	-22.923111	7532
7627.482032	-22.785383	7533
7628.521144	-22.996930	7534
7629.569128	-22.885550	7535
7630.594743	-22.965504	7536
7631.622769	-23.332275	7537
7632.636687	-22.701092	7538
7633.682809	-23.019343	7539
7634.714065	-22.717787	7540
7635.741401	-23.064506	7541
7636.762492	-22.434051	7542
7637.802134	-23.000242	7543
7638.833010	-22.738898	7544
7639.869183	-22.924656	7545
7640.896856	-22.475150	7546
7641.929385	-23.173001	7547
7642.954572	-22.439276	7548
7644.003160	-22.784086	7549
7645.019900	-22.573642	7550
7646.053309	-22.409632	7551
7647.073822	-22.695113	7552
7648.122037	-22.694739	7553
7649.147049	-22.227649	7554
7650.175365	-22.437647	7555
7651.209732	-22.228088	7556
7652.247435	-22.592762	7557
7653.263508	-22.602602	7558
7654.309091	-22.815303	7559
7655.330633	-22.452432	7560
7656.374181	-22.363095	7561
7657.398593	-22.319237	7562
7658.425050	-22.256827	7563
7659.446005	-22.149606	7564
7660.493343	-22.237031	7565
7661.524484	-22.710780	7566
7662.555027	-21.863436	7567
7663.596745	-22.313101	7568
7664.625119	-22.425917	7569
7665.648872	-22.265133	7570
7666.676945	-22.269581	7571
7667.710181	-22.348898	7572
7668.743652	-22.035717	7573
7669.784257	-22.043025	7574
7670.797336	-22.093157	7575
7671.844424	-21.961756	7576
7672.876538	-21.975260	7577
7673.894487	-22.290512	7578
7674.935549	-22.165888	7579
7675.961911	-22.006510	7580
7676.990050	-21.573832	7581
7678.025570	-22.111193	7582
7679.046262	-21.777625	7583
7680.088129	-21.899804	7584
7681.115842	-21.604879	7585
7682.142233	-22.206408	7586
7683.183005	-21.960292	7587
7684.212713	-21.648618	7588
7685.256406	-21.702907	7589
7686.278399	-21.430943	7590
7687.306130	-21.454471	7591
7688.338638	-21.530789	7592
7689.372839	-21.314161	7593
7690.406361	-21.610770	7594
7691.425124	-21.539728	7595
7692.463133	-21.575451	7596
7693.498090	-21.590959	7597
7694.503430	-21.250879	7598
7695.557535	-21.174563	7599
7696.579430	-21.659465	7600
7697.616573	-21.292313	7601
7698.636881	-21.093400	7602
7699.677791	-21.315105	7603
7700.708333	-21.317234	7604
7701.735093	-21.514317	7605
7702.780783	-20.902252	7606
7703.804677	-21.618773	7607
7704.833171	-21.192559	7608
7705.871624	-21.250180	7609
7706.890518	-20.840505	7610
7707.934829	-21.281654	7611
7708.958503	-21.161302	7612
7709.999627	-20.985731	7613
7711.004235	-21.241224	7614
7712.053389	-21.079163	7615
7713.086540	-20.825718	7616
7714.114553	-21.043744	7617
7715.141884	-20.822358	7618
7716.182598	-20.587772	7619
7717.202059	-20.827853	7620
7718.236244	-20.650317	7621
7719.271421	-21.606384	7622
7720.301024	-20.965156	7623
7721.329568	-20.677096	7624
7722.379779	-21.149609	7625
7723.394347	-20.819289	7626
7724.433783	-20.879314	7627
7725.451470	-20.555528	7628
7726.499334	-20.403136	7629
7727.513748	-21.003209	7630
