time (s)	theta (A)	maj axis/z0	min axis/z0	crossing#mod 255
5138.835094	122.343803	1.685433	0.138843	15
5140.896964	122.476074	1.689089	0.139209	17
5142.960864	122.268166	1.680583	0.139084	19
5145.026977	122.231201	1.676468	0.140350	21
5147.093511	121.998711	1.680803	0.140075	23
5149.157210	122.022568	1.680464	0.138736	25
5151.217288	122.254288	1.684518	0.137176	27
5153.277447	122.614922	1.680707	0.136861	29
5155.339746	122.648308	1.668799	0.137715	31
5157.405175	122.640106	1.664482	0.137948	33
5159.471655	122.432549	1.660505	0.137401	35
5161.536416	122.306137	1.666837	0.136577	37
5163.599985	122.123657	1.663673	0.136207	39
5165.662249	122.304581	1.667383	0.136606	41
5167.724302	122.590096	1.666531	0.136537	43
5169.786979	122.765533	1.660657	0.136018	45
5171.849801	122.844986	1.661131	0.135939	47
5173.913541	122.697731	1.654708	0.134969	49
5175.977905	122.406143	1.654279	0.135023	51
5178.041816	122.141655	1.651534	0.134441	53
5180.105292	121.959686	1.654110	0.134032	55
5182.167732	122.322899	1.655905	0.134118	57
5184.228147	123.391594	1.654205	0.134115	59
5186.288047	124.624741	1.652065	0.134333	61
5188.350210	125.170586	1.643601	0.134289	63
5190.414570	124.764008	1.637647	0.132645	65
5192.481138	123.518311	1.626872	0.131400	67
5194.546455	122.711220	1.632508	0.131260	69
5196.610247	122.699127	1.630755	0.131634	71
5198.671650	123.317551	1.640559	0.131989	73
5200.732722	124.151337	1.631250	0.131786	75
5202.793913	124.913658	1.633270	0.131419	77
5204.855893	125.169243	1.630760	0.130975	79
5206.918995	125.366318	1.622871	0.131140	81
5208.981551	125.384338	1.625039	0.130825	83
5211.045138	125.375870	1.617061	0.130484	85
5213.108290	125.300484	1.621522	0.131152	87
5215.171597	125.101059	1.616336	0.130208	89
5217.236271	124.991829	1.608488	0.130125	91
5219.301129	124.883133	1.608731	0.130121	93
5221.366534	124.661720	1.612255	0.130156	95
5223.430664	124.454842	1.607977	0.130373	97
5225.494161	124.632225	1.603800	0.129939	99
5227.554859	124.962112	1.610823	0.129378	101
5229.615730	125.354042	1.604832	0.128826	103
5231.676379	125.672440	1.603214	0.129311	105
5233.738987	125.611290	1.599156	0.129719	107
5235.803570	125.685753	1.588160	0.129656	109
5237.868383	125.583961	1.591012	0.129343	111
5239.933705	125.343086	1.588923	0.129106	113
5241.997748	125.155411	1.587359	0.128367	115
5244.061657	124.911690	1.589298	0.127744	117
5246.124967	124.838821	1.585477	0.127587	119
5248.188245	124.947693	1.584608	0.126975	121
5250.251132	125.138733	1.584152	0.127038	123
5252.314024	125.163483	1.586135	0.126759	125
5254.375779	125.531975	1.580013	0.126584	127
5256.436786	126.143822	1.583658	0.126284	129
5258.497693	126.784119	1.575338	0.126414	131
5260.558784	127.522911	1.573455	0.126277	133
5262.621852	127.699936	1.566851	0.126105	135
5264.686424	127.396225	1.565644	0.125811	137
5266.751587	126.689247	1.562469	0.125789	139
5268.817108	125.832298	1.557499	0.125635	141
5270.881651	125.466133	1.561833	0.125447	143
5272.945429	125.554535	1.558861	0.125031	145
5275.007600	125.815132	1.562395	0.124673	147
5277.069885	126.080856	1.557070	0.124409	149
5279.131886	126.485146	1.558642	0.124140	151
5281.194335	126.763367	1.557550	0.124340	153
5283.256531	127.054726	1.552211	0.124087	155
5285.319579	127.113899	1.549931	0.123966	157
5287.382636	127.098610	1.547684	0.123418	159
5289.446638	127.057068	1.544364	0.123519	161
5291.510515	127.011543	1.543694	0.123115	163
5293.574218	127.004272	1.542454	0.123944	165
5295.638470	126.901917	1.541015	0.123892	167
5297.701719	126.857758	1.542721	0.124095	169
5299.763903	127.129509	1.540448	0.124633	171
5301.825654	127.413719	1.543985	0.124536	173
5303.885617	127.853294	1.535464	0.123958	175
5305.946791	128.179718	1.538007	0.123736	177
5308.008337	128.181366	1.530251	0.123607	179
5310.071594	128.375397	1.524294	0.123522	181
5312.135721	128.196747	1.524034	0.123727	183
5314.200393	128.215820	1.516491	0.123188	185
5316.264588	128.100540	1.521067	0.123388	187
5318.328201	127.940063	1.512898	0.122828	189
5320.392008	128.012268	1.515746	0.122729	191
5322.454607	127.964867	1.516371	0.122759	193
5324.517557	128.153137	1.510823	0.122461	195
5326.579941	128.291214	1.517566	0.122468	197
5328.641546	128.611130	1.511747	0.122677	199
5330.703573	129.179535	1.512355	0.122985	201
5332.764656	129.607986	1.507316	0.123260	203
5334.826749	129.846054	1.503680	0.122855	205
5336.890205	129.821472	1.503120	0.122868	207
5338.954938	129.521957	1.497819	0.122679	209
5341.019754	128.977173	1.497473	0.122814	211
5343.084635	128.457504	1.494382	0.122759	213
5345.149336	128.088425	1.495712	0.122898	215
5347.212669	127.924538	1.497053	0.122923	217
5349.276672	127.992073	1.493659	0.123393	219
5351.338629	128.197571	1.495534	0.123222	221
5353.401603	128.308624	1.493479	0.123099	223
5355.464420	128.524292	1.490095	0.123029	225
5357.527079	128.600281	1.492809	0.123165	227
5359.590208	128.661423	1.484027	0.123187	229
5361.653408	128.795471	1.485135	0.123075	231
5363.716843	128.829330	1.482544	0.123173	233
5365.779786	128.948502	1.478389	0.123091	235
5367.842621	128.973785	1.485485	0.123558	237
5369.905400	129.110611	1.482938	0.123717	239
5371.967016	129.392776	1.478395	0.123725	241
5374.028481	129.760941	1.478380	0.123542	243
5376.088708	130.007797	1.475647	0.123217	245
5378.150672	130.341858	1.469246	0.122905	247
5380.211787	130.460251	1.471152	0.122849	249
5382.274300	130.545242	1.466442	0.122739	251
5384.338127	130.583710	1.460631	0.122803	253
5386.401613	130.467728	1.462721	0.122883	255
5388.465881	130.356918	1.457413	0.122750	1
5390.530000	130.410629	1.461124	0.123162	3
5392.593477	130.381195	1.458869	0.122868	5
5394.656180	130.485550	1.458584	0.122791	7
5396.718897	130.545410	1.456417	0.122203	9
5398.780341	130.865631	1.452345	0.121868	11
5400.842639	131.200470	1.453792	0.122494	13
5402.904829	131.448486	1.449999	0.122226	15
5404.966708	131.671356	1.445580	0.122082	17
5407.029398	131.881775	1.445990	0.122312	19
5409.093423	131.781601	1.439370	0.121513	21
5411.157180	131.612137	1.441314	0.122589	23
5413.222023	131.139542	1.435325	0.122005	25
5415.285909	130.774170	1.434961	0.122125	27
5417.350843	130.406830	1.433699	0.122036	29
5419.414668	130.333420	1.430333	0.122034	31
5421.477795	130.286346	1.434211	0.121950	33
5423.540713	130.269089	1.429358	0.122068	35
5425.604022	130.335983	1.429136	0.121852	37
5427.667238	130.414429	1.426140	0.121846	39
5429.730517	130.531769	1.424147	0.121690	41
5431.793201	130.699677	1.425770	0.122027	43
5433.856016	130.785355	1.422784	0.122054	45
5435.918917	130.827362	1.424290	0.122082	47
5437.980947	131.024002	1.420483	0.121931	49
5440.042559	131.329926	1.415932	0.121258	51
5442.104169	131.511963	1.419668	0.121256	53
5444.165281	131.773041	1.415115	0.121161	55
5446.226751	132.116989	1.416544	0.121105	57
5448.288284	132.259827	1.411904	0.120985	59
5450.350330	132.480621	1.408396	0.120784	61
5452.412624	132.585220	1.409801	0.120715	63
5454.475334	132.520386	1.406555	0.120587	65
5456.538989	132.519531	1.401177	0.120622	67
5458.603052	132.500885	1.398818	0.120626	69
5460.666215	132.560532	1.397779	0.120373	71
5462.729315	132.510757	1.399727	0.120683	73
5464.792742	132.586777	1.396806	0.120676	75
5466.854914	132.789825	1.395145	0.120681	77
5468.916956	132.966110	1.396075	0.120902	79
5470.979026	133.205444	1.392943	0.120983	81
5473.041291	133.376038	1.392856	0.121320	83
5475.103329	133.540894	1.388543	0.121606	85
5477.166284	133.643417	1.388034	0.121308	87
5479.230451	133.562683	1.383934	0.121167	89
5481.293360	133.340897	1.382743	0.121170	91
5483.358168	133.017853	1.377911	0.121031	93
5485.421946	132.709656	1.377371	0.120448	95
5487.486797	132.530899	1.373802	0.120495	97
5489.550024	132.396652	1.375924	0.121048	99
5491.613834	132.287445	1.373700	0.120970	101
5493.676982	132.357147	1.371417	0.120861	103
5495.739928	132.355011	1.372946	0.120884	105
5497.802972	132.388596	1.369552	0.120993	107
5499.865469	132.503693	1.367598	0.120786	109
5501.927709	132.628738	1.366972	0.120988	111
5503.990194	132.741730	1.364399	0.121063	113
5506.052546	132.952667	1.357702	0.121169	115
5508.114520	133.167953	1.359547	0.121258	117
5510.176013	133.361893	1.359795	0.121018	119
5512.237608	133.613846	1.354262	0.120750	121
5514.298547	133.887177	1.354599	0.120452	123
5516.360357	134.077148	1.348496	0.120104	125
5518.421752	134.264771	1.347342	0.120255	127
5520.484506	134.227753	1.346619	0.120000	129
5522.547397	134.342819	1.341649	0.119997	131
5524.610318	134.377228	1.342803	0.119902	133
5526.673786	134.370255	1.340249	0.119953	135
5528.736959	134.384430	1.339692	0.119671	137
5530.799914	134.377319	1.337943	0.119691	139
5532.863035	134.405670	1.337083	0.119791	141
5534.925680	134.572861	1.334579	0.120007	143
5536.987853	134.761124	1.335615	0.120470	145
5539.050512	134.952988	1.333187	0.120645	147
5541.112455	135.140854	1.331995	0.120637	149
5543.174583	135.228302	1.330535	0.120281	151
5545.238094	135.257462	1.327348	0.120615	153
5547.301268	135.261154	1.324467	0.120844	155
5549.364614	135.079056	1.324891	0.120591	157
5551.429676	134.886719	1.320568	0.120709	159
5553.493244	134.681091	1.322213	0.121110	161
5555.557098	134.430862	1.318934	0.121265	163
5557.620725	134.260910	1.318325	0.121166	165
5559.684029	134.157303	1.314349	0.121267	167
5561.747000	134.145599	1.313330	0.120988	169
5563.810084	134.135193	1.311137	0.121225	171
5565.873031	134.203079	1.310458	0.121468	173
5567.935918	134.280838	1.307131	0.121505	175
5569.998083	134.431656	1.305979	0.121411	177
5572.060424	134.522568	1.302132	0.122000	179
5574.122186	134.736526	1.304156	0.122037	181
5576.184346	134.991638	1.303199	0.121699	183
5578.245464	135.197113	1.302056	0.121753	185
5580.307279	135.378464	1.300398	0.121619	187
5582.368180	135.630676	1.298314	0.121371	189
5584.430651	135.765305	1.294579	0.120950	191
5586.492621	135.800278	1.293881	0.120801	193
5588.554523	135.878006	1.291166	0.120635	195
5590.617504	136.000366	1.290981	0.120773	197
5592.680607	136.011551	1.288199	0.120805	199
5594.743883	136.119690	1.286267	0.120618	201
5596.806475	136.060059	1.286968	0.120700	203
5598.869651	136.092377	1.284609	0.120863	205
5600.931952	136.186523	1.285893	0.121350	207
5602.994785	136.354858	1.284108	0.121164	209
5605.056644	136.435577	1.282495	0.121308	211
5607.119320	136.528732	1.282389	0.121538	213
5609.181731	136.696838	1.280761	0.121463	215
5611.244520	136.886047	1.279381	0.121701	217
5613.307644	136.865265	1.275571	0.121610	219
5615.371185	136.778091	1.272055	0.121370	221
5617.434661	136.566574	1.272353	0.121494	223
5619.499012	136.351120	1.269724	0.121560	225
5621.562438	136.283249	1.266230	0.121496	227
5623.626246	136.166977	1.266586	0.121971	229
5625.689493	135.992493	1.265176	0.122307	231
5627.752249	135.837936	1.266107	0.122425	233
5629.815618	135.818176	1.263811	0.122389	235
5631.878628	135.888748	1.262954	0.122553	237
5633.941324	136.014679	1.259235	0.122037	239
5636.002991	136.160095	1.260573	0.122121	241
5638.065444	136.261047	1.258807	0.121985	243
5640.126845	136.434448	1.256755	0.122158	245
5642.189326	136.590057	1.254820	0.121639	247
5644.251238	136.854568	1.252180	0.121537	249
5646.312337	137.076813	1.254390	0.121961	251
5648.374305	137.133194	1.251382	0.121798	253
5650.436355	137.345566	1.250394	0.121647	255
5652.497784	137.352936	1.249528	0.121404	1
5654.560206	137.518692	1.246049	0.121598	3
5656.622322	137.551056	1.246179	0.121811	5
5658.685787	137.556229	1.242432	0.121686	7
5660.748831	137.585419	1.241776	0.121756	9
5662.811680	137.594879	1.239045	0.121567	11
5664.874000	137.626160	1.236788	0.121364	13
5666.936678	137.654388	1.234029	0.121274	15
5668.999842	137.836884	1.229356	0.121239	17
5671.061561	137.923416	1.230762	0.121824	19
5673.124137	138.048737	1.228325	0.122000	21
5675.186181	138.197693	1.227885	0.122122	23
5677.248844	138.201843	1.227196	0.122331	25
5679.311800	138.268112	1.224962	0.122390	27
5681.374998	138.306961	1.226469	0.122911	29
5683.438570	138.093994	1.221751	0.122415	31
5685.502348	138.091309	1.220846	0.123128	33
5687.566096	137.857574	1.221393	0.123105	35
5689.629492	137.683151	1.218013	0.122912	37
5691.692765	137.599915	1.215861	0.122985	39
5693.755615	137.567047	1.215892	0.123009	41
5695.818379	137.517197	1.213986	0.123431	43
5697.881686	137.567444	1.211465	0.123387	45
5699.944453	137.616501	1.211331	0.123485	47
5702.006371	137.595398	1.209977	0.123354	49
5704.068263	137.785706	1.206074	0.123713	51
5706.130581	138.006317	1.206321	0.123643	53
5708.191937	138.066330	1.206002	0.123680	55
5710.254243	138.311432	1.204514	0.123489	57
5712.316051	138.516083	1.204044	0.123496	59
5714.376739	138.633087	1.203347	0.123472	61
5716.439259	138.759094	1.200604	0.123379	63
5718.500992	138.836945	1.199739	0.123514	65
5720.563490	138.923996	1.195767	0.122866	67
5722.626025	138.901123	1.193457	0.122970	69
5724.688320	138.909500	1.191539	0.122797	71
5726.751243	139.016266	1.187896	0.122732	73
5728.813318	139.024429	1.189813	0.123287	75
5730.877209	139.060638	1.189558	0.123675	77
5732.939499	139.166504	1.185269	0.123441	79
5735.001547	139.195663	1.185595	0.123411	81
5737.064293	139.330368	1.183683	0.123309	83
5739.126903	139.439560	1.182038	0.123380	85
5741.188997	139.509720	1.180496	0.123406	87
5743.251974	139.578766	1.177709	0.123633	89
5745.314136	139.562988	1.176942	0.123502	91
5747.377956	139.514450	1.173273	0.123232	93
5749.440905	139.552612	1.171513	0.123593	95
5751.503397	139.427826	1.170861	0.123558	97
5753.567665	139.271484	1.169374	0.123207	99
5755.631063	139.132401	1.167587	0.123228	101
5757.694208	139.186478	1.169394	0.123807	103
5759.757752	139.182770	1.167963	0.123734	105
5761.819685	139.039886	1.166138	0.123698	107
5763.883061	139.056885	1.163687	0.123322	109
5765.945911	139.121399	1.161066	0.123378	111
5768.008013	139.223160	1.159986	0.123238	113
5770.069670	139.365021	1.160268	0.123478	115
5772.131829	139.497391	1.159901	0.123739	117
5774.193744	139.707870	1.160195	0.124374	119
5776.254443	139.783234	1.161610	0.124400	121
5778.316844	139.778687	1.160590	0.124208	123
5780.379216	139.941895	1.156983	0.123594	125
5782.440520	140.050354	1.155054	0.123560	127
5784.502681	140.121887	1.150731	0.123090	129
5786.565410	140.309479	1.147102	0.123411	131
5788.626913	140.267960	1.147861	0.123225	133
5790.689533	140.333023	1.145748	0.123426	135
5792.752532	140.376175	1.145836	0.123549	137
5794.815388	140.403488	1.145561	0.123745	139
5796.877575	140.443298	1.144331	0.123711	141
5798.940598	140.524796	1.143456	0.123939	143
5801.002632	140.662964	1.141234	0.124076	145
5803.064723	140.696365	1.142632	0.124603	147
5805.127500	140.776108	1.140396	0.124630	149
5807.189964	140.862305	1.139122	0.124698	151
5809.252310	140.940903	1.136324	0.124933	153
5811.315463	140.971313	1.137426	0.125316	155
5813.377827	140.867584	1.135754	0.125134	157
5815.441788	140.903137	1.134258	0.125601	159
5817.505027	140.757370	1.131630	0.124892	161
5819.567349	140.734848	1.128828	0.124079	163
5821.631090	140.639267	1.128940	0.124178	165
5823.694644	140.594131	1.126718	0.125022	167
5825.757103	140.707642	1.128413	0.125213	169
5827.820924	140.675308	1.126269	0.125584	171
5829.882495	140.660370	1.126201	0.125473	173
5831.944951	140.777573	1.124386	0.125353	175
5834.007545	140.827713	1.124367	0.125494	177
5836.069329	140.870895	1.122807	0.125198	179
5838.131038	141.032150	1.120883	0.125201	181
5840.193253	141.151199	1.120896	0.125128	183
5842.255129	141.240402	1.118140	0.124805	185
5844.317015	141.506424	1.116508	0.124570	187
5846.378811	141.529709	1.113893	0.124434	189
5848.440704	141.496857	1.111773	0.123922	191
5850.503006	141.581924	1.108797	0.123758	193
5852.565307	141.687286	1.108401	0.123558	195
5854.628369	141.729736	1.107367	0.123325	197
5856.690312	141.778748	1.105701	0.123368	199
5858.752578	141.884537	1.105946	0.123485	201
5860.815344	141.878265	1.106204	0.123893	203
5862.878536	141.854630	1.105182	0.123850	205
5864.940854	141.976074	1.105011	0.124219	207
5867.002870	142.095627	1.102951	0.124101	209
5869.065922	142.178360	1.100520	0.124052	211
5871.128123	142.300354	1.097922	0.124094	213
5873.190105	142.300751	1.097695	0.124320	215
5875.253263	142.257370	1.095974	0.124335	217
5877.316321	142.318146	1.092239	0.123905	219
5879.379161	142.280899	1.092935	0.124336	221
5881.441882	142.182770	1.092094	0.124352	223
5883.505524	142.192017	1.091327	0.124598	225
5885.568510	142.121750	1.089329	0.125086	227
5887.631994	142.060379	1.087698	0.124645	229
5889.694735	142.084335	1.085449	0.124455	231
5891.757718	142.089294	1.085687	0.124730	233
5893.819492	142.062149	1.084900	0.124502	235
5895.882268	142.104843	1.081373	0.124105	237
5897.945104	142.208023	1.080413	0.124346	239
5900.006344	142.273590	1.078735	0.124006	241
5902.068621	142.385254	1.077175	0.124065	243
5904.130848	142.508301	1.075453	0.123650	245
5906.193023	142.643143	1.073539	0.123716	247
5908.254133	142.694611	1.073397	0.123858	249
5910.316081	142.698502	1.071285	0.123592	251
5912.378720	142.781067	1.068765	0.123512	253
5914.440438	142.931061	1.065810	0.123169	255
5916.502513	143.062729	1.068156	0.122997	1
5918.565224	143.001160	1.065336	0.123516	3
5920.627139	143.098068	1.063665	0.123301	5
5922.689235	143.149292	1.062061	0.123388	7
5924.752569	143.212036	1.061067	0.123347	9
5926.814596	143.236572	1.060116	0.123400	11
5928.876987	143.262619	1.058272	0.123294	13
5930.939606	143.371048	1.056536	0.123361	15
5933.001458	143.458405	1.055308	0.123599	17
5935.064278	143.500839	1.054230	0.123909	19
5937.125815	143.588562	1.054110	0.124183	21
5939.189369	143.606262	1.052801	0.124304	23
5941.251985	143.671280	1.050664	0.124709	25
5943.314256	143.573120	1.048390	0.124454	27
5945.377759	143.542725	1.045743	0.124296	29
5947.440142	143.478653	1.045004	0.124387	31
5949.503288	143.469986	1.042813	0.124462	33
5951.566230	143.400040	1.041059	0.124651	35
5953.629033	143.362442	1.041791	0.124753	37
5955.692136	143.330429	1.041017	0.124657	39
5957.754978	143.350784	1.040560	0.124718	41
5959.817413	143.412857	1.039709	0.124536	43
5961.879438	143.493210	1.038550	0.124478	45
5963.941535	143.503586	1.038325	0.124413	47
5966.003491	143.573318	1.036473	0.124339	49
5968.065788	143.756531	1.035130	0.124026	51
5970.126743	143.817032	1.034463	0.123921	53
5972.189884	143.915634	1.031207	0.123761	55
5974.250663	144.034164	1.028588	0.124081	57
5976.313136	143.982849	1.028646	0.123962	59
5978.375689	144.128723	1.026686	0.124007	61
5980.437126	144.230865	1.025156	0.123421	63
5982.499102	144.207092	1.025689	0.123910	65
5984.561312	144.199341	1.024528	0.123683	67
5986.624073	144.291733	1.023444	0.123459	69
5988.687042	144.381897	1.022853	0.123557	71
5990.749642	144.395126	1.021632	0.123375	73
5992.812010	144.502823	1.019030	0.123370	75
5994.874475	144.560165	1.017797	0.123324	77
5996.936634	144.653900	1.015600	0.122984	79
5998.999147	144.762085	1.014294	0.123256	81
6001.061358	144.762299	1.014707	0.123229	83
6003.124270	144.785782	1.013988	0.123283	85
6005.187061	144.796143	1.013332	0.123362	87
6007.250058	144.815262	1.012550	0.123353	89
6009.312999	144.802567	1.011976	0.123428	91
6011.374781	144.788284	1.008342	0.123041	93
6013.438166	144.758850	1.007474	0.123044	95
6015.500279	144.713882	1.006004	0.123110	97
6017.563933	144.687500	1.005947	0.123586	99
6019.626126	144.588440	1.004954	0.123518	101
6021.688973	144.693954	1.004079	0.123817	103
6023.751044	144.661423	1.003123	0.123807	105
6025.814299	144.698883	1.001897	0.123776	107
6027.876754	144.818268	0.999005	0.123847	109
6029.938367	144.916153	0.997106	0.124177	111
6032.000585	144.971558	0.996734	0.124166	113
6034.061474	145.029907	0.996583	0.124470	115
6036.123746	145.103714	0.996254	0.124522	117
6038.185909	145.230072	0.993561	0.124231	119
6040.247163	145.333328	0.991441	0.124043	121
6042.309526	145.396957	0.989606	0.124050	123
6044.371351	145.419510	0.987895	0.124102	125
6046.433468	145.446442	0.986464	0.124036	127
6048.496579	145.476624	0.984965	0.123875	129
6050.558612	145.482086	0.983747	0.123517	131
6052.621049	145.508331	0.982111	0.123280	133
6054.682946	145.630463	0.981056	0.123026	135
6056.745464	145.783707	0.979334	0.123190	137
6058.808616	145.822189	0.978194	0.123245	139
6060.870399	145.867905	0.976891	0.123369	141
6062.932893	145.897217	0.978543	0.123679	143
6064.994739	145.859161	0.975557	0.123390	145
6067.057329	145.878952	0.973194	0.123441	147
6069.119787	145.916992	0.970459	0.123236	149
6071.182717	145.934982	0.969731	0.123149	151
6073.245781	145.834030	0.968509	0.123398	153
6075.308387	145.866272	0.966492	0.123349	155
6077.371473	145.864304	0.964995	0.123533	157
6079.433669	145.936478	0.965958	0.123556	159
6081.496608	145.896500	0.966582	0.123820	161
6083.557873	145.816147	0.966137	0.123668	163
6085.621546	145.736572	0.965377	0.123762	165
6087.684643	145.806625	0.964792	0.123888	167
6089.746986	145.887497	0.962284	0.123912	169
6091.808369	145.920181	0.961263	0.123631	171
6093.870628	145.936676	0.960547	0.123416	173
6095.932105	146.096786	0.958737	0.123624	175
6097.994815	146.200378	0.958103	0.123765	177
6100.055666	146.280731	0.956373	0.123673	179
6102.118355	146.370819	0.955707	0.123145	181
6104.180440	146.449905	0.954604	0.123054	183
6106.241986	146.497284	0.953285	0.123256	185
6108.304776	146.532959	0.951931	0.122878	187
6110.366607	146.615738	0.950005	0.122528	189
6112.429198	146.586166	0.948291	0.122177	191
6114.490667	146.578796	0.946170	0.122019	193
6116.553729	146.655243	0.944704	0.121830	195
6118.616510	146.748276	0.942430	0.121455	197
6120.677622	146.874146	0.942745	0.122031	199
6122.739820	146.860657	0.941993	0.122317	201
6124.802583	146.910721	0.942756	0.122725	203
6126.865929	146.917709	0.941720	0.122410	205
6128.927254	146.964508	0.940236	0.122556	207
6130.990380	146.977554	0.939565	0.122422	209
6133.052850	146.971603	0.936923	0.122195	211
6135.115868	147.010895	0.935506	0.121818	213
6137.178243	147.082993	0.932327	0.121525	215
6139.240609	147.150421	0.931674	0.121623	217
6141.302620	147.075272	0.931279	0.121760	219
6143.364765	146.970016	0.930547	0.121865	221
6145.428789	146.981567	0.929669	0.122060	223
6147.491226	147.080688	0.928908	0.122156	225
6149.553700	147.040237	0.929601	0.122583	227
6151.616056	146.995438	0.927524	0.122493	229
6153.678131	147.108429	0.926343	0.122441	231
6155.740318	147.179611	0.924880	0.122176	233
6157.802856	147.239990	0.924645	0.122275	235
6159.864054	147.294418	0.924043	0.122200	237
6161.925567	147.357849	0.923913	0.122309	239
6163.988722	147.397034	0.922420	0.122116	241
6166.049836	147.420258	0.921629	0.122130	243
6168.112493	147.460709	0.919877	0.121832	245
6170.174058	147.554565	0.919034	0.122249	247
6172.235671	147.594086	0.917055	0.121762	249
6174.298331	147.751877	0.915695	0.122001	251
6176.360539	147.782928	0.914775	0.122169	253
6178.422404	147.768219	0.913459	0.122092	255
6180.484528	147.803513	0.912306	0.122498	1
6182.547456	147.956558	0.911558	0.122636	3
6184.609719	147.929733	0.910524	0.122307	5
6186.672145	147.941055	0.907814	0.122188	7
6188.734040	147.965179	0.906331	0.122225	9
6190.796838	148.111298	0.905842	0.122388	11
6192.858420	148.167068	0.905157	0.122774	13
6194.920376	148.202164	0.904279	0.122741	15
6196.983368	148.194992	0.902531	0.122632	17
6199.044577	148.144409	0.902646	0.122628	19
6201.108211	148.213287	0.900378	0.122406	21
6203.170050	148.245667	0.899238	0.122331	23
6205.233078	148.178009	0.897967	0.122799	25
6207.296219	148.099884	0.896678	0.121989	27
6209.358237	147.982803	0.894598	0.122393	29
6211.421472	148.095306	0.894252	0.122544	31
6213.483729	148.122940	0.894789	0.123041	33
6215.545426	148.058731	0.895195	0.123104	35
6217.609024	148.112000	0.894735	0.122521	37
6219.669538	148.238892	0.892811	0.122455	39
6221.731910	148.389313	0.892240	0.122113	41
