time (s)	theta (A)	maj axis/z0	min axis/z0	crossing#mod 255
6290.654228	123.573814	1.616315	0.167320	105
6292.719784	122.660545	1.618763	0.168020	107
6294.781725	122.819862	1.619196	0.168489	109
6296.843511	123.982391	1.616329	0.168616	111
6298.904573	125.148262	1.614963	0.167967	113
6300.965497	125.801842	1.611739	0.167454	115
6303.027655	126.168846	1.609101	0.167515	117
6305.090544	126.229202	1.612229	0.166898	119
6307.153251	125.984200	1.611227	0.166552	121
6309.216950	125.982346	1.606128	0.166631	123
6311.279879	126.022667	1.599936	0.166369	125
6313.343324	125.918312	1.602373	0.166490	127
6315.408222	125.664070	1.595232	0.166025	129
6317.473825	125.487358	1.589451	0.165351	131
6319.538667	125.133286	1.593784	0.165092	133
6321.603334	125.006538	1.591405	0.165114	135
6323.665779	125.302589	1.594747	0.165056	137
6325.726505	125.726524	1.594886	0.164895	139
6327.786426	126.235298	1.587746	0.164423	141
6329.847399	126.457726	1.589973	0.164832	143
6331.911381	126.278206	1.579119	0.164711	145
6333.977052	126.224365	1.575824	0.164547	147
6336.042393	125.903618	1.580078	0.163895	149
6338.107332	125.531914	1.578134	0.163805	151
6340.170636	125.518433	1.574981	0.163548	153
6342.233582	125.452576	1.578403	0.163405	155
6344.296961	125.273499	1.570760	0.163430	157
6346.360169	125.415680	1.570208	0.163378	159
6348.423231	125.397369	1.570942	0.163271	161
6350.485705	125.515915	1.565714	0.162877	163
6352.547650	125.930611	1.570487	0.163059	165
6354.609349	126.641701	1.569955	0.162351	167
6356.669543	127.667854	1.562302	0.163296	169
6358.730375	128.405121	1.561406	0.162667	171
6360.793779	128.728317	1.550337	0.162239	173
6362.857795	128.242462	1.545553	0.161651	175
6364.923574	127.205383	1.541193	0.161121	177
6366.989328	126.519264	1.544971	0.161821	179
6369.053275	126.013947	1.547997	0.162271	181
6371.116654	126.211617	1.545339	0.162293	183
6373.178592	126.956642	1.547113	0.162204	185
6375.239651	127.425224	1.552121	0.162564	187
6377.302093	127.733978	1.546838	0.162130	189
6379.364471	128.184341	1.540048	0.161568	191
6381.426672	128.333069	1.538884	0.161378	193
6383.489772	128.472137	1.534083	0.161240	195
6385.553434	128.402603	1.532329	0.160901	197
6387.617144	128.375824	1.527057	0.160663	199
6389.680834	128.199814	1.526459	0.160363	201
6391.745234	128.062012	1.521471	0.159980	203
6393.809720	127.986115	1.523214	0.160455	205
6395.873054	127.881897	1.521365	0.161307	207
6397.936109	128.070526	1.519134	0.161417	209
6399.996219	128.617783	1.519607	0.161132	211
6402.056490	129.018097	1.519838	0.161081	213
6404.117374	129.419144	1.515997	0.160735	215
6406.179360	130.634018	1.533065	0.163819	217
6408.255837	131.735992	1.444412	0.136501	219
6410.319220	131.942795	1.440363	0.136215	221
6412.382134	131.775436	1.440855	0.135987	223
6414.447151	131.675781	1.436282	0.136285	225
6416.510941	131.466797	1.439742	0.136381	227
6418.574750	131.038086	1.434740	0.136738	229
6420.639187	130.909637	1.432889	0.136939	231
6422.703119	130.642380	1.431846	0.136589	233
6424.766759	130.445923	1.428377	0.136622	235
6426.830368	130.494949	1.424072	0.136677	237
6428.893374	130.454178	1.427090	0.136706	239
6430.956097	130.471741	1.425024	0.136588	241
6433.019312	130.590347	1.422128	0.136997	243
6435.081686	130.716766	1.422270	0.136529	245
6437.144818	130.834076	1.419112	0.136615	247
6439.206867	131.069382	1.420047	0.136743	249
6441.269326	131.246689	1.415543	0.136584	251
6443.331167	131.543228	1.418149	0.136864	253
6445.392867	131.681274	1.418400	0.136999	255
6447.454604	132.004135	1.415157	0.136640	1
6449.515405	132.327362	1.412702	0.136358	3
6451.577647	132.557465	1.409900	0.136158	5
6453.639878	132.759415	1.408975	0.135811	7
6455.701423	132.863876	1.403854	0.135831	9
6457.764476	132.924377	1.403784	0.135857	11
6459.827109	132.988281	1.398900	0.136045	13
6461.890741	133.055161	1.399949	0.135918	15
6463.953818	133.055786	1.398708	0.136170	17
6466.016487	133.072067	1.398190	0.136134	19
6468.079537	133.140137	1.395004	0.136162	21
6470.142468	133.336624	1.394421	0.136151	23
6472.205197	133.446655	1.392710	0.135756	25
6474.267465	133.682083	1.388652	0.135752	27
6476.329273	133.875076	1.385202	0.135531	29
6478.392703	133.930176	1.383870	0.135381	31
6480.455799	133.974533	1.377661	0.135324	33
6482.519912	133.808517	1.379468	0.135758	35
6484.583637	133.597076	1.378824	0.135860	37
6486.647416	133.449783	1.374437	0.135972	39
6488.711029	133.294128	1.377259	0.136175	41
6490.775416	133.051025	1.374860	0.136470	43
6492.838212	133.002884	1.369969	0.136468	45
6494.902375	133.017181	1.373891	0.136783	47
6496.965598	132.877609	1.375083	0.137537	49
6499.029010	132.865875	1.371320	0.137399	51
6501.091509	133.003723	1.366664	0.137288	53
6503.153688	133.092102	1.365785	0.137099	55
6505.216312	133.262344	1.363819	0.137542	57
6507.278975	133.282257	1.361967	0.137995	59
6509.341301	133.620468	1.363006	0.137714	61
6511.402955	133.793686	1.363247	0.137677	63
6513.464818	133.937317	1.360393	0.137260	65
6515.526685	134.298279	1.358364	0.137428	67
6517.588142	134.538635	1.357206	0.137278	69
6519.650180	134.704758	1.353218	0.137144	71
6521.712166	134.904648	1.351811	0.137177	73
6523.774456	134.922958	1.352146	0.137453	75
6525.837077	134.972473	1.351247	0.136799	77
6527.899916	135.086243	1.345546	0.136991	79
6529.962992	135.192108	1.340886	0.137005	81
6532.025778	135.199005	1.342412	0.137167	83
6534.088808	135.164795	1.337884	0.136702	85
6536.151532	135.291458	1.334104	0.136196	87
6538.214118	135.492264	1.335135	0.136352	89
6540.275990	135.526245	1.335413	0.136889	91
6542.338932	135.747025	1.331179	0.136691	93
6544.401771	135.860962	1.332756	0.137260	95
6546.464552	135.896729	1.327907	0.137016	97
6548.527753	135.950378	1.324588	0.137038	99
6550.591172	135.837524	1.327089	0.137588	101
6552.654665	135.672729	1.323367	0.137670	103
6554.718030	135.585953	1.323114	0.137461	105
6556.781930	135.334396	1.320421	0.137376	107
6558.846161	135.157761	1.316178	0.137367	109
6560.909243	135.086380	1.315936	0.137221	111
6562.972519	135.023132	1.314630	0.137141	113
6565.035440	135.027008	1.311764	0.137415	115
6567.098234	135.147583	1.314286	0.137374	117
6569.161378	135.164169	1.310928	0.137560	119
6571.223510	135.340210	1.310716	0.138150	121
6573.285675	135.371185	1.310494	0.138355	123
6575.348058	135.522568	1.309356	0.137940	125
6577.410552	135.789719	1.306545	0.138017	127
6579.471717	135.990295	1.305872	0.138056	129
6581.533837	136.217743	1.304028	0.137251	131
6583.595372	136.373505	1.304199	0.138142	133
6585.657663	136.547668	1.300589	0.137081	135
6587.719332	136.833115	1.296899	0.137364	137
6589.782046	136.770676	1.295422	0.137362	139
6591.843941	136.924744	1.291099	0.137281	141
6593.906772	136.979950	1.292980	0.137719	143
6595.969890	137.077545	1.289778	0.137680	145
6598.032641	137.169067	1.288906	0.137949	147
6600.095751	137.155518	1.289680	0.138214	149
6602.158359	137.249268	1.286464	0.137702	151
6604.220586	137.339844	1.286794	0.137764	153
6606.283049	137.462143	1.283920	0.137648	155
6608.345610	137.550629	1.283095	0.137912	157
6610.408484	137.635696	1.281319	0.137782	159
6612.471174	137.737549	1.276850	0.137740	161
6614.534274	137.730804	1.273277	0.137601	163
6616.597031	137.689636	1.272115	0.137868	165
6618.660812	137.693268	1.271631	0.137560	167
6620.724584	137.550064	1.271199	0.138390	169
6622.787586	137.358948	1.272941	0.138779	171
6624.851421	137.193161	1.269742	0.138320	173
6626.914982	137.127502	1.264426	0.138050	175
6628.977878	137.183197	1.265743	0.138172	177
6631.040566	137.122223	1.266373	0.138541	179
6633.103524	137.141403	1.265921	0.139000	181
6635.166366	137.263580	1.264524	0.139202	183
6637.228479	137.343964	1.265537	0.139345	185
6639.290827	137.498672	1.262690	0.139618	187
6641.353541	137.658798	1.260026	0.139834	189
6643.415450	137.844360	1.261941	0.139504	191
6645.477022	137.860886	1.259955	0.139685	193
6647.538847	138.059402	1.255884	0.139291	195
6649.600610	138.231857	1.254367	0.139127	197
6651.663113	138.337540	1.250912	0.139041	199
6653.725377	138.537857	1.246472	0.138472	201
6655.787184	138.649429	1.245908	0.138350	203
6657.849353	138.662231	1.243550	0.138283	205
6659.912597	138.724670	1.243763	0.138252	207
6661.975572	138.858688	1.241240	0.138118	209
6664.037586	138.972092	1.240713	0.138663	211
6666.099983	138.955994	1.237785	0.137751	213
6668.162858	139.072235	1.237615	0.137565	215
6670.225588	139.144669	1.234486	0.137475	217
6672.288057	139.323929	1.231452	0.137390	219
6674.349896	139.381866	1.231579	0.137363	221
6676.412990	139.430695	1.229763	0.137428	223
6678.476061	139.478409	1.230749	0.137911	225
6680.539262	139.432632	1.227816	0.137880	227
6682.601767	139.474899	1.227130	0.137701	229
6684.664970	139.426849	1.224592	0.137550	231
6686.728207	139.418182	1.221212	0.137852	233
6688.791443	139.287933	1.221137	0.137692	235
6690.855124	139.180634	1.218548	0.138006	237
6692.918614	139.180832	1.218129	0.138142	239
6694.981246	139.068649	1.219397	0.138223	241
6697.044513	139.037994	1.217971	0.138680	243
6699.107197	139.158936	1.217884	0.138977	245
6701.169696	139.148849	1.215688	0.138651	247
6703.232007	139.230911	1.210830	0.138475	249
6705.294208	139.403091	1.208658	0.138131	251
6707.356283	139.445374	1.208200	0.137906	253
6709.418634	139.670471	1.206921	0.138420	255
6711.480318	139.792679	1.206704	0.138062	1
6713.542530	140.000931	1.202429	0.137870	3
6715.604027	140.153168	1.203272	0.138303	5
6717.666566	140.213074	1.201150	0.137900	7
6719.728488	140.374771	1.200308	0.138192	9
6721.790263	140.442322	1.200065	0.138477	11
6723.853061	140.449051	1.197622	0.137867	13
6725.915790	140.640930	1.196485	0.137994	15
6727.978434	140.630920	1.195792	0.138073	17
6730.041089	140.700317	1.191891	0.137968	19
6732.103355	140.774704	1.192348	0.138516	21
6734.166487	140.807434	1.191177	0.138278	23
6736.228259	140.938095	1.189044	0.138326	25
6738.291162	141.050735	1.189358	0.138398	27
6740.353378	141.047714	1.188120	0.138536	29
6742.416607	141.106369	1.186809	0.138444	31
6744.478846	141.201385	1.181973	0.138341	33
6746.541746	141.306107	1.181929	0.138620	35
6748.604369	141.206879	1.180706	0.138458	37
6750.668101	141.133377	1.176922	0.138444	39
6752.731952	141.096390	1.175306	0.138938	41
6754.794178	141.044006	1.175353	0.138624	43
6756.857372	140.943680	1.172982	0.138721	45
6758.920503	140.928192	1.173217	0.138740	47
6760.983634	140.887848	1.170641	0.138800	49
6763.047243	140.905396	1.167465	0.138989	51
6765.109581	140.880981	1.166185	0.139396	53
6767.171547	140.887451	1.166521	0.139489	55
6769.234312	140.960266	1.165464	0.138980	57
6771.296911	141.015808	1.163953	0.139066	59
6773.358877	141.236938	1.162629	0.139162	61
6775.420413	141.473694	1.163771	0.139075	63
6777.482066	141.477173	1.161738	0.138866	65
6779.544309	141.622238	1.158337	0.138691	67
6781.606281	141.775330	1.159131	0.138667	69
6783.667618	141.856354	1.158030	0.138296	71
6785.730391	141.929703	1.155807	0.138325	73
6787.793243	142.047363	1.153742	0.138068	75
6789.855285	142.196548	1.152356	0.138677	77
6791.916976	142.247665	1.150607	0.138883	79
6793.979330	142.171509	1.148326	0.138508	81
6796.042886	142.272324	1.146236	0.138537	83
6798.105320	142.400604	1.143286	0.138307	85
6800.167957	142.519806	1.141349	0.137913	87
6802.230408	142.546021	1.140663	0.138160	89
6804.292759	142.588608	1.138177	0.137783	91
6806.355343	142.718552	1.135986	0.137629	93
6808.417110	142.825165	1.137592	0.138144	95
6810.479974	142.784149	1.135253	0.137926	97
6812.543030	142.862839	1.133152	0.138529	99
6814.605902	142.766907	1.133191	0.138879	101
6816.669370	142.724335	1.132131	0.138894	103
6818.732379	142.692474	1.130314	0.138492	105
6820.795008	142.608292	1.129572	0.138684	107
6822.858592	142.587692	1.127407	0.138666	109
6824.921393	142.634872	1.126271	0.138619	111
6826.984646	142.606232	1.125688	0.138594	113
6829.047055	142.663956	1.125818	0.139098	115
6831.109429	142.629868	1.125220	0.139121	117
6833.171709	142.738510	1.124025	0.139332	119
6835.233195	142.843506	1.122193	0.139303	121
6837.295653	142.941620	1.120119	0.139180	123
6839.357366	143.037277	1.119127	0.139026	125
6841.420166	143.182495	1.116439	0.138812	127
6843.481250	143.279007	1.116519	0.138793	129
6845.543444	143.313919	1.114524	0.138376	131
6847.605717	143.455612	1.111466	0.138263	133
6849.667245	143.578293	1.110849	0.137338	135
6851.730546	143.757782	1.111522	0.138381	137
6853.792394	143.672775	1.111204	0.138588	139
6855.855080	143.706802	1.110328	0.138280	141
6857.918076	143.741394	1.108454	0.138142	143
6859.980005	143.738159	1.106094	0.137868	145
6862.042963	143.822571	1.102952	0.137519	147
6864.104811	143.948196	1.100541	0.137488	149
6866.167638	143.957901	1.099111	0.136989	151
6868.230342	144.094376	1.097300	0.137214	153
6870.291897	144.058731	1.098288	0.137916	155
6872.355315	144.137238	1.095960	0.137824	157
6874.417417	144.282700	1.096070	0.138155	159
6876.479985	144.256378	1.094610	0.138029	161
6878.543264	144.222443	1.093289	0.138327	163
6880.606343	144.134689	1.089567	0.138148	165
6882.668948	144.158981	1.088121	0.138091	167
6884.731337	144.105865	1.087180	0.138358	169
6886.795195	144.045059	1.086491	0.138355	171
6888.858398	144.071594	1.086158	0.138755	173
6890.920897	144.038834	1.086404	0.138913	175
6892.983177	143.984467	1.083437	0.138864	177
6895.046069	144.056030	1.082093	0.138378	179
6897.108299	144.134964	1.080919	0.138213	181
6899.170471	144.247635	1.079768	0.138904	183
6901.233564	144.319565	1.080611	0.138608	185
6903.294818	144.457596	1.078013	0.138256	187
6905.357153	144.480225	1.076527	0.137793	189
6907.419223	144.636414	1.073745	0.137686	191
6909.480830	144.697342	1.074307	0.137903	193
6911.543263	144.870773	1.072394	0.137095	195
6913.604275	145.032410	1.070882	0.137261	197
6915.667163	144.989120	1.068784	0.137303	199
6917.729555	145.133148	1.066615	0.137609	201
6919.791294	145.194794	1.066589	0.137211	203
6921.854585	145.197159	1.064918	0.137260	205
6923.917214	145.318207	1.063482	0.136916	207
6925.978859	145.370300	1.063471	0.137515	209
6928.041873	145.408997	1.061778	0.137648	211
6930.103257	145.499832	1.059128	0.137280	213
6932.166980	145.567719	1.058955	0.137416	215
6934.228330	145.607468	1.056339	0.137416	217
6936.291884	145.682755	1.054171	0.137584	219
6938.353751	145.712143	1.052192	0.137021	221
6940.416242	145.663864	1.049086	0.137023	223
6942.478508	145.625885	1.049001	0.137120	225
6944.541447	145.636841	1.047269	0.137054	227
6946.604761	145.632187	1.047454	0.136998	229
6948.667895	145.562927	1.044657	0.136938	231
6950.730672	145.582047	1.043105	0.137075	233
6952.793148	145.612061	1.042984	0.137444	235
6954.855773	145.562698	1.043468	0.137793	237
6956.918761	145.574814	1.042559	0.137744	239
6958.981452	145.657669	1.041271	0.137492	241
6961.043288	145.660950	1.040175	0.137088	243
6963.106368	145.727448	1.038039	0.137006	245
6965.168209	145.760681	1.036855	0.137347	247
6967.230788	145.844269	1.035847	0.137619	249
6969.292005	145.850510	1.035061	0.137530	251
6971.354398	146.046783	1.034365	0.137312	253
6973.416236	146.120636	1.031854	0.137273	255
6975.479065	146.207413	1.030468	0.137349	1
